KEGGnum	F3NL2582	F3NL0496	F3NL1002	F2NL4627	F2NL2504
K00016	NA	NA	NA	NA	2664.47
K00031	6971.33	4648.76	4696.94	3846.94	6274.678
K00128	3377.06	NA	8041.47	4788.8	3999.93
K00134	730757	389688	202464	250229	232519
K00522	230117	231946	55750.9	130770	30008.9
K00688	63217.4	63617.5	51045.3	53503.8	29278.2
K00699	NA	NA	NA	NA	3807.74
K00873	20091.4	19099.6	8720.24	8420.31	7616.78
K00940	NA	5050.07	5699.95	8079.15	100204.53
K01047	606804.5	601545.48	922724.7	483262.9	736151.85
K01077	553596	931284	698835	686287	2888946.15
K01128	12776.2	17689.1	NA	8132.75	29041.6
K01168	NA	14952.8	12936.9	NA	33302.2
K01176	292711	1780655.75	2207950	2679873.8	2540440
K01203	22984.1	34372.6	33824.9	21902	27557.6
K01206	2304.01	NA	NA	NA	NA
K01273	166415	218096	181447	121096	403711
K01278	100198	125473	102711	70927.4	100881
K01279	4817.75	6327.88	6504.33	5450.93	3745.24
K01283	133043	80278	50217	195683	131114
K01291	2630080	895671	4547200	12972500	10368600
K01298	15638.2	15050.8	71476.4	21292.4	294001
K01301	15922.4	16003	13615	14122.4	28616.8
K01307	3963.08	4779.69	3330.4	10013.1	NA
K01310	157415	151916	312663	112957	406969
K01311	3227210	2847440	2701150	3509530	2577320
K01312	269782	277938.2	1340877	240326.2	1451213
K01316	31371	53467.4	36846	32082.6	29764.2
K01319	NA	6261.45	NA	26759.8	NA
K01327	NA	23334.5	NA	31263.9	8375.38
K01345	6867652	8677270	7032450	7772400	7612030
K01346	571873	1975730	551768	790689	2319510
K01352	NA	40193.6	33251.1	4501.04	6504.03
K01389	73862	136638	137145	121027	298587
K01395	150759	729411	307668	1027930	114908
K01488	36215.4	34431.1	24175	NA	24628.1
K01513	12425.1	19551.9	19805.3	16708.2	24113.2
K01540	8309.33	6428.57	13722.2	NA	19354.9
K01623	10554.2	10215.7	NA	8736.73	5250.53
K01672	NA	NA	NA	NA	7667.76
K01803	47142.1	23599.2	44449.3	30994.1	49803.5
K02132	56061.7	141698	57138.1	95806.2	36014.7
K02183	NA	14841.6	14581.7	26413.7	15549.7
K02955	12621	NA	6247.86	NA	4487.97
K02981	108605	NA	115033	13159.8	NA
K02995	12526.1	13078	NA	NA	NA
K03177	NA	NA	NA	NA	2139.38
K03231	20811	16027.7	11577.3	13231.4	18346.2
K03283	6605.29	8650.35	8635.91	NA	4119.37
K03767	NA	NA	NA	NA	6658.69
K03910	6979.2	7678.38	12001.8	8661.77	6871.37
K03911	23312.4	48110.6	28401.7	26755.2	25834.3
K03935	1858.08	NA	NA	2788.98	2099.42
K03956	NA	5224.97	NA	NA	5755.47
K03984	119382	283504	203988	140023	196222
K04437	4431.67	NA	2821.68	5604.72	NA
K04565	NA	NA	NA	9079.13	10156
K04635	NA	10382.3	NA	9773.09	15166.7
K05027	271818	225551	398658	586356	1574710
K05030	12240.3	5429.33	11291.4	15798.5	15109.2
K05230	14974.9	18679.1	35089.5	24245.9	66531.7
K05692	NA	6802.66	5842.5	6087.22	5622.46
K05699	49119.2	45735.7	NA	26911.3	24690.8
K05738	38365.5	30355.3	23702.4	18955.4	9139.42
K05761	5078.39	4930.19	5740.89	5533.57	9281.94
K05765	NA	8875.18	NA	5924.41	2297.78
K05862	14194.7	8786	5602.08	10380.3	4613.96
K05863	6551.93	8467.13	10245.3	13018.6	24707.8
K05865	NA	21941.6	11267.3	30059.2	31563.5
K05970	11792.9	16226.9	15596.7	NA	9676.1
K06087	18593.28	28483.57	28802.01	3614.03	54917.4
K06171	6099.96	9619.84	7471.87	3546.04	5560.81
K06259	NA	7490.68	10458.2	11464.8	3486.07
K06499	630087.6	969757.4	418317.3	697866.05	1703078
K06554	NA	30278.6	NA	13426.7	43283.3
K06568	NA	4513.57	NA	5072.69	6380.21
K06752	6293.02	20027.2	58458.8	9005.62	15542.4
K06811	NA	13669.4	28041.8	12594.2	25147.6
K06825	6244.43	NA	NA	NA	NA
K06856	2661667.5	4892098.2	8213366.8	7961992	11692403
K07374	NA	NA	NA	NA	5728.6
K07375	NA	NA	NA	NA	7011.79
K07604	6826.83	21941.7	139367.4	18849.4	14291.2
K07605	14184	32573.8	292207.4	27817.5	30385.22
K07836	NA	9704.81	NA	11042.5	6191.1
K07887	28831.3	19775.8	NA	NA	30574.9
K07903	NA	8474.67	NA	NA	8364.63
K07904	7760.21	14303.2	7880.89	8883.74	12287.7
K08007	28186.4	68099.2	20170	33561.4	46281.4
K08069	3482.92	28095.8	3091.43	9160.1	70315.8
K08574	4973.91	12997.7	5606.38	7386.35	12296.1
K08606	33126.2	39242.8	31641.2	74576.8	28268.9
K08664	5793.02	NA	4080.06	5996.42	4058.7
K08757	14766.5	NA	NA	NA	7549.47
K08779	385848	110180	997770	234148	4126560
K09633	NA	6052.02	NA	4387.15	5135.68
K09708	12045.8	NA	20323.5	NA	5792.16
K10091	39153.7	45573.2	51508.4	45443.8	52078.8
K10352	NA	19465.5	NA	NA	NA
K10361	NA	NA	NA	NA	5220.48
K10371	39370.1	63265.9	47444.4	41678.2	24864.9
K10373	13265.6	27416.1	NA	NA	NA
K10786	23922.1	44273	31816.6	NA	32008.8
K10788	21197.8	46567.4	59279	32906.4	83261.5
K10789	68993.5	351121	215354	576665	79880.2
K10955	451839	466860	550994	481340	347343
K11140	57845.2	95458	256449	165490	608343
K11142	NA	NA	19428.3	8782.14	NA
K11252	7705.58	12034.9	NA	5135.63	2980.94
K11276	18190	43049.7	33990.1	12846.9	72200.1
K11994	1505.73	6066.72	NA	NA	NA
K12047	213837	230694	153106	84378.9	134547
K12200	NA	15181.7	7425.39	NA	15508.2
K12298	72556.4	54827.2	55851.4	8922.61	254855
K12311	13193.8	18532.3	12085	14548.7	11982.1
K12313	NA	8185.37	6724.49	NA	5475.85
K12316	5654.54	10859.9	NA	NA	7276.11
K12354	219257	230824	364305	236246	282324
K12557	33031	45181	23801.6	33329.6	21671.6
K12567	17914.1	5875.5	19350.8	22791.1	1402.41
K13073	472868	949499	1268480	1033100	1910290
K13197	3614.26	NA	33845.9	25509.7	NA
K13438	16334.2	30498.3	NA	32794.6	25585.4
K13625	28129.8	30261.4	15420.5	9968.37	11918.8
K13822	596584	103401	54218.7	112555	104523
K13823	NA	9225.21	NA	26689.7	NA
K13908	28214.9	44814	27915.8	36283.9	41121.47
K13912	369577	1021580	919719	628966	2141540
K13963	307473	529550	391641	173494	329372
K14073	44089	40808.7	161946	27559	128192
K14208	573763	412728	447675	683020	1870290
K14210	10634	23325.8	36943.1	11711.9	56123.4
K14365	77379.1	193294	99504.2	42277.4	89422.6
K14592	5543.43	8953.44	9550.05	10940.3	5721.35
K14677	16051	16610.7	32669	9895.78	37248.9
K15041	10217.3	7247.07	9754.13	9287.81	6957.82
K16141	132617	203390	161323	229810	78738.7
K16142	NA	7126.73	3475.01	20765.7	NA
K16502	418628	413786	300335	723236	77538.1
K16505	68249.5	167664	296243	94237.6	88486.1
K16646	1899.41	5145.09	3313.03	2585.12	5154.77
K17089	NA	NA	NA	NA	2831.38
K17091	NA	12594.9	NA	18141.3	184568
K17092	247113	353034	215350	455783	498633
K17093	31140.2	63898.9	52788.5	40848.1	102113
K17095	26429.4	42123.3	38198.1	24304.2	48314.3
K17255	NA	3650.18	NA	NA	2605.16
K17259	NA	NA	4391.43	5473.62	8312.25
K17277	NA	15195.1	NA	NA	45287.6
K17283	19749.7	87459.9	53770.4	148967	25276.5
K17285	37889.7	34803.8	26132.2	30121.7	23935.1
K17298	189542	360428	428356	195187	1150640
K17300	68521	109310	97469.8	80555.9	48864.5
K17527	927515	2075779	1541351	1547665	2610360
K17751	46876.4	86257.6	40644.7	73587	57877.2
K18152	8435.84	10586.8	9921.36	6010.43	NA
K18246	12359	15553.4	19493.1	18853.5	39024.5
K19719	44930.9	24750.8	21730.8	46567.2	NA
K19720	11534.4	18301.2	75523.4	80790.5	467768
K19867	9467.66	10105.8	NA	7348.28	14720.1
K19899	825489	11566.5	1265180	482598	980616
K19970	5579.47	8622.65	9447.67	10921.1	6960.08
K20349	8629.18	NA	5896.99	NA	4214.68
K20369	28919.5	13189.3	7591.06	5189.21	8359.06
K20731	NA	36126	35414.4	28365.9	22494.5
K21073	15017.3	18157.7	27302.2	NA	6633.46
K21100	NA	NA	13417.6	NA	NA
K21127	107030	1169550	379432	4077360	198292
K21128	25139.9	220969	83318.6	796534	44981.5
K21129	104206	314982	192709	187348	99304.4
K21868	NA	NA	NA	NA	2051.86
K22017	NA	NA	NA	NA	10740.3
K22023	6019.73	NA	13395.1	NA	24269.8
K22387	11335.8	10268.3	8428.31	NA	10562.9
K22453	135216	273674	168097	13419.6	3552000
K22970	NA	NA	NA	NA	19042.2
K23009	17934	27576.3	10316.5	15447.6	33149.2
K23113	3628.77	NA	NA	NA	NA
K23425	49923.3	96156.9	62168.7	46363.4	75067.4
K23430	13557.3	NA	NA	NA	5011.41
K23468	26562.8	15171.9	12000.4	9434.37	9121.23
K23594	4602.26	3729.64	NA	3855.59	3898.57
K23757	NA	NA	5491.87	NA	NA
K23879	NA	3452.45	NA	4421.12	22866.7
K23902	NA	NA	NA	NA	16352.4
K24057	NA	NA	NA	NA	6798.03
K24205	NA	8752.87	NA	NA	13982.6
K24220	217562.6	282683.8	137084	137563.7	105431.6
K24332	7170.56	10399.9	12641.3	6942.07	7405.64
K24524	NA	NA	NA	NA	7744.89
K24665	25225.6	121892	60135.6	239404	24699.1
K24793	358939	172888	284284	243980	323548
K25447	12587	12246.7	14319.7	23678.6	10104
K25567	274572	888757	1002100	750768	1576750
K25717	21634.9	93286.7	89638.6	882341	25160
K25722	6609.02	31763.1	24984	9752.66	47019.8
K25727	NA	8163.57	16078.8	83428.3	80548.6
K25747	638237	987102	705751	940787	562017
K26099	7097.06	17220.4	15604.3	6198.43	39164.9
K27382	96718.3	117775	107584	82826.9	50507.6
