COGnum	b14_27	b14_01	b14_02	b14_10	b14_20	b14_21	b14_24
COG0008	18812.6	69525.5	120216	40700.2	62093.3	7519.66	19736.9
COG0012	NA	4818.95	4862.67	4357.23	21821.4	NA	NA
COG0013	29181.4	69118.3	37688.5	52056.4	71729.9	15160.38	26689.65
COG0015	NA	26331.93	6424.39	39251.54	29132.84	3320.84	3240.12
COG0016	NA	66033.4	36725.9	33044.01	35849.9	9696.24	10382.3
COG0017	166871.58	167403.8	187167.5	128123.9	279556.7	31257.7	133592.9
COG0018	15962.7	17901.8	NA	20205.1	NA	NA	NA
COG0028	NA	NA	7003.93	25906	17552.5	20609.13	5699.47
COG0035	41589.8	86109.5	23819.9	61275.8	NA	5230.17	19269.1
COG0036	NA	8145.95	8604.56	NA	16029.6	NA	NA
COG0039	131170	91849	135865.7	61443	64549.2	158622	240073.5
COG0044	48169.9	NA	48604.8	NA	112864	NA	44239.2
COG0046	84683.7	241567.2	152322.8	257132.1	265952.9	105043.2	171142
COG0047	84683.7	241567.2	152322.8	257132.1	265952.9	105043.2	171142
COG0048	752766	1615380	1043358	1048131	2149893	326683	615133
COG0049	191232.8	785135.95	476541.2	293051.04	515503	115517.8	162293.33
COG0050	3937647.4	5866571.16	3248144.1	5394336.4	5480726.26	3128283.79	3863314.32
COG0051	30145.6	75860.6	27451.2	9054.82	11278.2	17062.8	27181.1
COG0052	35874.6	114637.9	253404.3	89204.7	164284.3	34621	81342.5
COG0055	513252	642172.17	492752.4	283723.98	514163.07	191742.25	404340.15
COG0056	300926.5	252677.95	141343.8	221154.3	210565.8	27856.8	212498.5
COG0057	538436.41	895609.58	672738.14	180142.7	609114.78	13717.48	362275.11
COG0058	59115.86	189968.8	221423.6	126155.2	228438.2	47314.42	79136.91
COG0059	168939	191855.78	195083.4	256464.09	205027.3	7791.81	245107
COG0060	4013.05	6325.29	NA	5648.02	7465.75	2917.86	4165.5
COG0065	NA	19866.2	49137.2	NA	23549.9	NA	NA
COG0073	9724.74	14289	7899.97	NA	NA	6342.32	14953.7
COG0078	23597.3	43581.8	44563.8	59106.5	36417.1	11621	23396.1
COG0080	292568	403131.94	205957.3	784569.4	549682.87	305552.03	364412.42
COG0081	172288.2	806594.5	533417.4	133817.8	367384.2	11423.5	76538.1
COG0085	410886.8	685611	686662.2	237546.48	537990.9	110799.83	313159.68
COG0086	405506.24	634598.5	499155.9	595569.3	597962.2	158668.24	369521.4
COG0087	181325	359144.61	186194.5	224191	218157.9	281595.2	167981.8
COG0088	45090.3	42059.9	5593.36	118143.6	100534	47854.09	50375.2
COG0089	1462.28	NA	NA	NA	NA	10733.8	7993.58
COG0090	366404.6	704252.73	400563.13	545018.42	1106358.4	139638.19	235784.82
COG0091	416328	705133	673843	1548580	650327	369421	464205
COG0092	319176	344369	343408	418919	300276	172036	246310
COG0093	42872.3	49486.01	7725.42	137528	NA	32414.08	20903.46
COG0094	153744.6	300253	229506.02	521270.16	267890.3	286631.6	244025.1
COG0096	389368.9	649402.9	389116.2	1016112.3	552192.32	126872.04	385849
COG0097	NA	52484.9	18086.9	121321	51845.9	15322.2	14908.8
COG0098	114548.8	291468.8	115995	461752.7	783339	120416.9	181492.2
COG0099	25687.6	97214.8	24085.7	NA	48322.6	16745.7	18111.43
COG0100	92356.5	21466.2	11688	34995.8	42067.5	NA	23647.47
COG0102	25479.8	747745	426062.3	124852.4	407305	50184.42	62076.6
COG0103	37641.8	119769	12118.8	17338.1	77170.7	7132.5	14481.7
COG0104	15439.3	41201.76	10303.1	48915.52	45390	23152.24	34487
COG0105	NA	NA	NA	NA	9976.4	3577.18	3008.49
COG0115	117641.58	172824	134257.6	175354.8	102215.2	31128.3	59280.3
COG0124	25288.4	16998.5	20428.1	20893.1	20869.2	NA	15577.8
COG0126	119503.75	348514.66	284467.64	530756.64	334197.1	113429.88	225516.9
COG0129	NA	5818.45	NA	12162.1	NA	NA	NA
COG0136	81274.4	169509.8	131089.1	162058.6	78337	45403.1	97011.5
COG0137	21254.5	21946.76	17922.6	21940.27	22640.9	NA	15086.7
COG0138	53220.9	71763	124064.5	72796.5	68494.8	34764.42	49615.7
COG0139	NA	NA	NA	3642.42	6848.06	NA	NA
COG0140	6245.15	NA	NA	12378.36	6848.06	NA	NA
COG0141	NA	NA	4894.14	NA	NA	4776.7	4773.48
COG0143	9724.74	14289	7899.97	NA	NA	6342.32	14953.7
COG0148	107033.9	44394.3	56054.4	79033.3	19384.8	8633.03	67675.6
COG0149	179658.67	322327.88	463935.97	190423.55	282467.92	126604.37	153958.38
COG0150	29041.3	32530.4	24010.8	41724.52	66315.3	NA	25129.6
COG0151	31303.5	19675.6	23215	8771.71	20073.2	3404.79	9645.87
COG0152	56679.95	90480.7	123525.07	124120.8	114030.2	35793.3	62942.62
COG0153	28347.68	34666.5	NA	54242.9	53697.1	2231.22	19088.7
COG0156	12157.1	23691.2	40624	14502.34	11228.2	NA	NA
COG0157	7775.52	16252.5	40972.4	NA	15778.06	9644.47	7626.26
COG0162	NA	26871.7	36092	NA	27406.4	NA	13635
COG0165	NA	7458.46	5478.95	7884.33	7444.92	NA	NA
COG0166	75372.5	59420.6	239260.5	107245.6	150424	78849.59	141872.2
COG0172	118768.8	234793.7	333936.1	144559.7	200245.6	38676.3	79887.12
COG0173	31924	93215.5	199998.9	8559.96	73359.2	9900.08	22912.76
COG0176	118696.3	107882.7	67194.9	123625.8	143536.9	32772.48	101692.2
COG0180	NA	21574.2	4278.22	NA	12392.9	9862.42	12367.7
COG0183	9567.76	16543.8	44726.6	13589.6	16071.6	3183.53	10563.4
COG0185	91426.2	379481	199534.8	80105.4	199034.5	48648.9	59437.8
COG0186	4725.51	32326.9	8438.19	68404.8	27670.6	7722.04	7002.12
COG0187	NA	15651.6	19168.7	NA	41774	9671.52	NA
COG0188	NA	34826.6	NA	10637.8	11550.4	33423.3	41277.5
COG0190	NA	22336.6	NA	36242.6	22165.8	15859.1	NA
COG0191	800936.8	1577419.3	3128550.1	732502.4	1151286.4	383571.43	796694
COG0192	36380.4	70622.6	60986.6	64097.9	39844.2	17567.4	13590.8
COG0195	20331	65278.2	123359	NA	61498.9	NA	NA
COG0197	18206.5	168517	99132.5	14819.8	101263	NA	5272.91
COG0198	23494.5	NA	NA	NA	NA	47646.6	26275.1
COG0200	223397.7	479381.35	690824.54	172102.15	355704.5	54273.77	100454.72
COG0201	42833.9	40427	44520.7	29641.95	35229.3	NA	15348
COG0202	125649	148062.9	122934.7	101412	121376	87909.5	107657
COG0205	366864.75	611055.4	633537	519579.5	577211.63	88464.32	368386.4
COG0206	173212	266353	126493	121418	131543	12188.7	79126.8
COG0209	17241.3	12066.4	NA	NA	NA	NA	8641.29
COG0222	411247.2	926957	200195	325257.3	238541.6	576683	586517.1
COG0231	8312.59	11184.2	46381.6	13504.8	24502.9	10698.1	13293.3
COG0233	12880.7	NA	NA	21557.3	NA	2706.6	NA
COG0235	NA	NA	24284.1	18509.2	NA	NA	NA
COG0236	79443.4	23423	12136	27540	NA	43894.8	24792.9
COG0242	5703.09	NA	13197.7	11389.9	9986.93	7204.87	13030.76
COG0246	48573.4	88672.7	57965.1	47739.6	59841.3	44077.5	44251.6
COG0250	NA	9198.08	3629.65	7741.5	4102.13	NA	2282.39
COG0254	44909.1	59492.8	42439.9	56845.3	NA	NA	23848.9
COG0255	65030.2	171697	70535.9	394565	191442.74	70078.1	87812.86
COG0256	26914.2	38062.33	4214.9	44140.3	40238.46	47056.59	29579.1
COG0261	6026.06	219844	NA	35627.1	NA	35185.6	9929.41
COG0264	NA	125315.43	7577.67	259047.76	15387.25	21705.72	49674.65
COG0277	NA	NA	NA	7081.56	11468.7	5778.51	NA
COG0278	NA	NA	12533.7	NA	NA	NA	NA
COG0280	268741.9	361034.4	184397.6	552437.45	378069.5	173648.47	253415.8
COG0281	67342.2	119411.1	173257.9	83235.74	69898.8	38163.67	44725.19
COG0282	218547.51	180137.4	137864.2	207527.61	324179.7	114406.85	155300.69
COG0290	NA	NA	NA	NA	4773.69	11168.4	NA
COG0295	NA	NA	NA	NA	8149.7	NA	7592.2
COG0313	NA	NA	NA	6354.59	NA	NA	NA
COG0317	NA	NA	NA	8292.89	NA	NA	NA
COG0326	5296.99	83731.1	43798.1	37685	89258.34	22214.56	27407.1
COG0329	NA	16097.2	NA	26681.44	23461.8	23422.29	9330.26
COG0330	48555.56	200384.74	128377.21	54798.3	75090.01	7798.75	27783.29
COG0331	NA	NA	NA	NA	NA	2930.79	NA
COG0334	2476801.5	2411089.75	1728618.01	2618643.13	2534823.29	1098394.07	2267227.87
COG0335	59681.9	124303	242874	264269	123503	120217	97557.4
COG0343	NA	14313.3	27258.4	7589.43	10925.5	NA	6530.37
COG0348	62357.8	NA	143635	22922.8	62015.1	3651.35	18753.1
COG0351	10632.4	36110.1	39899.3	20678.5	36984.6	NA	17281.3
COG0360	NA	NA	16628.9	NA	2193.68	2889.79	2554.91
COG0363	18034.8	42713.8	84586.9	5461.3	28463.2	8649.93	11661.1
COG0366	50248.91	56427.7	269692.7	88638.11	203116.36	8760.75	47613.42
COG0367	24431.5	27560.6	NA	42235.4	NA	NA	6742.93
COG0371	NA	NA	NA	9773.54	6436.41	12029.1	13718.8
COG0372	NA	NA	6330.89	NA	8447.34	NA	NA
COG0396	10557	NA	26707.3	15412.5	13069	19137.2	23014.8
COG0411	NA	NA	10732.6	7094.4	NA	NA	6485.21
COG0422	10632.4	36110.1	39899.3	20678.5	36984.6	NA	17281.3
COG0423	427145.4	263708	310450.1	306666.6	262362.2	162707.1	254207.3
COG0426	73548.9	65032.6	41881.9	177136.14	83464.74	26361.3	51753.83
COG0427	NA	20481.4	NA	NA	NA	NA	17915.2
COG0436	NA	NA	NA	24353	NA	NA	NA
COG0438	NA	14331.6	10645.2	NA	6838.66	NA	NA
COG0440	NA	20862.7	12221.6	42783.55	21074.6	3774.43	14527.3
COG0441	93399.52	264277	304239.3	100083.43	167554.67	5763.59	47720.21
COG0442	NA	32456.9	14215.5	4816.72	33278.5	2674.49	14962.9
COG0443	835059.6	1069106.06	1371968.5	1323781.3	1375200.4	437619.53	821079.96
COG0446	NA	NA	NA	10560.2	NA	NA	NA
COG0447	NA	56299	54544.1	NA	NA	NA	NA
COG0448	46922.4	49012.3	23961.8	49601.54	49106.6	19425.1	43886.3
COG0457	11235.1	38823.95	101526.9	23486.1	17778	30424	27813
COG0458	95263.32	232042.1	206220.85	127662.2	139054	40097.81	55418.08
COG0459	915003.55	812599.77	490207.05	1151336.81	580689.4	149952.82	466104.59
COG0460	33540.5	97361.9	101893	30627	74026.4	4407.4	16613.8
COG0462	NA	NA	NA	NA	NA	5817.52	NA
COG0466	NA	22420.1	22474.5	NA	19213.9	NA	21554.3
COG0468	20302.9	35718.2	48333.1	19477.7	41445.5	2412.2	20321.1
COG0473	NA	27130	35887.6	NA	16330.8	NA	NA
COG0474	NA	10859.7	7400.54	NA	26661.2	NA	10665
COG0479	92880.4	197688.74	49573.3	109261.57	65433.4	129793.8	127199.27
COG0480	523009.97	731591.93	416006.89	1334317.48	767505.42	301721.83	380632.73
COG0488	10653	9924.28	20965.4	NA	15122.2	7145.39	NA
COG0493	105162.7	169686.8	54265.13	208118.07	168124.45	60515.86	80977.4
COG0495	41998.4	76127.4	158490.99	35004.07	95152.8	26324.26	58844.4
COG0498	NA	12642.3	NA	NA	7731.01	NA	NA
COG0502	NA	6474.49	NA	8686.78	NA	NA	NA
COG0503	NA	18824	NA	12993	NA	2259.78	5625.19
COG0504	17388.6	NA	63055	23727.9	25287.2	17544.7	31264
COG0505	NA	4517.97	NA	NA	NA	2744.16	3266.95
COG0514	8133.94	11674.5	25131.8	5542.27	11186.6	NA	5902.23
COG0515	20153.1	13185.9	NA	23401.5	NA	NA	NA
COG0516	565331.6	1588019.2	1051744.89	1287072.2	814296.1	425648.23	843586.7
COG0517	565331.6	1588019.2	1051744.89	1287072.2	814296.1	425648.23	843586.7
COG0518	NA	6280.98	8683.8	NA	NA	2444.94	NA
COG0519	64580.9	83608.68	72521.18	98178.95	75388.5	27335.12	59374
COG0521	NA	NA	NA	NA	20438.3	NA	NA
COG0522	111696.4	223931.7	32042.87	471307	195168.7	311312.9	142040.8
COG0524	6125.32	61433.8	67909.5	14192.6	72138	9945.22	10800.2
COG0527	33540.5	97361.9	101893	30627	74026.4	4407.4	16613.8
COG0532	15003.9	59055.8	19520.8	65017	41062.9	28912.2	16125.3
COG0536	NA	4930.94	4844.08	NA	NA	NA	NA
COG0538	38226.85	19355.74	82063.38	NA	NA	NA	17302.5
COG0539	18559.4	NA	NA	NA	NA	NA	NA
COG0540	68573.5	64852	38907.6	111571	98137.4	22461.5	53222.2
COG0541	NA	NA	NA	6089.73	5171.43	6110.42	10025.61
COG0542	45035.3	115654.11	185385.9	101407.4	137166.96	50647.89	57657.1
COG0543	NA	2266.45	2038.67	NA	3570.74	NA	NA
COG0544	56935.1	11990	127514	67214.4	60748.1	104431	114740
COG0550	NA	NA	NA	NA	6266.81	NA	NA
COG0552	NA	NA	NA	9685.58	NA	NA	NA
COG0554	NA	30243.1	NA	17421.8	44098.5	NA	31688.1
COG0556	NA	17189.6	NA	17048.6	14847.9	NA	NA
COG0557	NA	20810.1	25630.8	NA	15805.6	NA	NA
COG0561	11475.5	NA	NA	5552.08	NA	5847.06	9636
COG0562	NA	16771.7	14924.65	16756.4	24763.93	NA	8387.03
COG0563	37874.9	104700.3	352917	170846.7	87656.14	34341.75	51121.57
COG0566	NA	NA	NA	NA	4623.81	1872.01	1655.88
COG0568	NA	4727.31	NA	5322.53	NA	NA	2676.97
COG0574	1940972.7	2538919.2	1805076.1	3107172.98	2550748.3	846514.36	1720138.3
COG0589	NA	NA	39644.7	NA	NA	NA	NA
COG0592	5087.67	8873.6	4891.83	13241.05	2798.56	6991.19	6830.18
COG0595	26494.8	31466.9	12704.5	32525.83	25479.4	18072.4	30819.7
COG0607	NA	NA	NA	10560.2	NA	NA	NA
COG0612	NA	NA	NA	NA	NA	2794.35	NA
COG0620	22009.6	13468.5	18207.6	19643.3	NA	9255.67	12420.1
COG0623	19655.4	45261.3	82211.7	24834	69968.9	NA	18083.1
COG0624	NA	NA	NA	NA	5453.86	NA	NA
COG0629	7599.86	8358.31	4093.43	17733.5	7334.92	4825.97	NA
COG0636	17999.1	67510.9	43825.5	14145.2	16655.7	NA	9571.58
COG0641	8555.35	11056.7	11681.6	10295.8	12719.6	6002.85	7587.46
COG0652	20092.8	31231.6	18673.5	50335.2	32986.8	14309	32418.2
COG0653	97688.3	152023.8	112251	118644.5	107013.4	29399.6	53752.8
COG0664	NA	NA	123523	NA	NA	NA	NA
COG0673	NA	19473.6	NA	NA	NA	NA	11532.2
COG0674	1268177.3	2811718.46	2096040.21	2387869.7	2615914.1	573018.4	1117514.7
COG0681	11977.7	85269.2	61926.3	24998.3	56977.6	6418.85	9728.52
COG0696	15440.3	98765.7	78890.2	48484	99775.8	20314.1	15306.6
COG0698	6166.19	9288.18	9805.9	10768.9	9537.13	NA	9188.65
COG0702	11658.4	NA	NA	19128.6	12443.8	24588.5	30806.9
COG0715	NA	NA	NA	NA	NA	1801.02	NA
COG0719	NA	14456.1	15972.4	NA	13762.7	4407.26	NA
COG0745	66936.6	72179.37	42866.6	70167.3	61246.32	42967.9	58480.96
COG0760	27814.4	47564.2	13916.7	19223.8	NA	30483	26191
COG0776	NA	25826.9	164879	41222	34420.6	16928.3	NA
COG0800	8479.26	16255.6	5985.28	4830.09	NA	10903.7	20290.3
COG0804	72397.2	15069.5	67520.5	49790.7	NA	94498.8	71583.6
COG0822	701944.62	1198454.7	873192	996243.6	784507.7	590822.42	809693.74
COG0823	23102.2	23247.3	31638.2	17310.7	13157.1	18298.7	36473.6
COG0824	NA	29358.1	46326.9	NA	20619.6	NA	NA
COG0826	2427.42	4935.37	NA	NA	3431.99	NA	NA
COG0828	4073.37	54663.5	49328.5	38764.44	39195.7	7516.04	12897.61
COG0834	8827.82	11004.2	13962.6	NA	21191.7	NA	9021.7
COG0840	NA	3986.01	NA	1094.53	NA	NA	1965.31
COG0841	NA	NA	NA	11154	NA	NA	NA
COG0845	NA	NA	NA	3394.13	2803.46	NA	NA
COG1004	10952.5	6299.2	8050.77	NA	6894.93	NA	7397.71
COG1012	190641.06	325211.3	171806.17	212805.9	463847.71	139344	255116.23
COG1013	1272232.88	2831774.51	2115541.51	2387869.7	2615914.1	574473.27	1117514.7
COG1014	1268177.3	2811718.46	2096040.21	2387869.7	2615914.1	573018.4	1117514.7
COG1024	47581.8	31630.6	117294.7	23346.1	21768.28	13789.9	43309.7
COG1028	76210.5	30793.4	40865.4	25035.3	38909	60359.5	76532.1
COG1043	NA	12445.5	15416.9	NA	6814.8	NA	NA
COG1048	28746	65369.2	47750.2	73045.32	84050.4	14017.14	26912.6
COG1053	448198.9	812144.1	100951.3	376045.9	157695.9	299571.8	322091.4
COG1063	53554.8	209738.4	76401.7	300345.3	183021	84340.4	106211.6
COG1070	8822.32	84629.6	12618.92	106763.6	58749.4	7382.93	26892.87
COG1077	58186.6	53382.8	113946	43160.5	64561.8	NA	72202
COG1080	1940972.7	2541490.95	1805076.1	3116747.41	2554699.22	846514.36	1723209.2
COG1082	127638.7	78670.9	2556520	58345.4	41641.5	58974.45	146883.9
COG1087	40561.9	109015.58	132044.22	75610.99	81974.28	18245.86	63447.99
COG1088	42874.68	57685.6	161739.78	89850	175730.17	48871.9	91483.7
COG1089	36154.7	75749.5	158086	30585	72585.5	60052.8	26969.7
COG1091	18196.5	30011.6	30004.1	36134.9	37237.1	NA	33619.9
COG1092	NA	NA	13996.1	NA	1347.91	NA	NA
COG1105	10567.5	26678.5	15965.7	6775.68	46818	NA	21534.5
COG1109	11785.7	50018.6	9518.09	7666.62	28760.87	20250.84	23689.41
COG1115	18663.7	19213	19415.4	14792.8	15448.2	NA	11824
COG1129	82023.3	234780.4	70693.49	258483.4	136107.2	78573.2	98024.62
COG1132	14693.2	33870.2	11957	NA	12540.2	NA	5069.4
COG1135	NA	NA	NA	10375.8	NA	NA	NA
COG1136	NA	47753.3	38575.1	10662.6	19767.6	NA	5555.59
COG1143	98585.6	172292	57984.5	40911.8	54107.5	167784	142734
COG1145	756389.3	1700123.3	1747817.4	553748	1568936.5	38592.2	631759.2
COG1148	NA	NA	NA	13855.8	5716.15	NA	NA
COG1154	NA	9441.64	6276.95	NA	6751.16	NA	NA
COG1155	NA	4024.34	NA	5280.89	NA	3740.79	4569.45
COG1156	42156.5	33844.6	NA	15617.1	17912.4	32041.3	26424.3
COG1158	6700.9	42659.4	67900.1	14081.15	24981.7	2310.79	19294.61
COG1160	NA	NA	NA	NA	NA	NA	4064.69
COG1167	235034	225509	231437	301339	186133	155557	188115
COG1185	154301.9	211262.4	157864.2	195205.1	179074.82	48732	126126.2
COG1190	64596.8	172949.9	159454.9	101015.58	120794.6	21441.29	70089.59
COG1196	48824.6	7526.6	8608.9	23808	NA	51664.7	99499.9
COG1207	NA	10068.1	NA	23846.5	10132.7	5086.1	NA
COG1209	104517	190957.2	382751	139700.3	217824.3	116171.4	154303.1
COG1212	NA	NA	76977.1	NA	NA	NA	21526
COG1227	NA	NA	NA	4917.06	NA	NA	NA
COG1236	35485.7	56010.9	31364.9	42416.1	70486.6	9583.66	50997.7
COG1256	31168.3	7526.6	8608.9	128933	NA	51664.7	95544.1
COG1263	55845	156658	NA	NA	NA	3565.93	25605.3
COG1264	55845	156658	NA	NA	NA	3565.93	25605.3
COG1274	18349.5	18315.3	NA	10095.7	59635.1	7985.55	11320.4
COG1278	21283.5	29142.6	51448.2	123853	19457.4	20171.2	14196
COG1283	NA	7211.01	9883.72	3197.35	10316.4	NA	NA
COG1328	13665.1	29686.8	33911.9	18967.3	17514.7	NA	9098.87
COG1344	1271493.4	743231.05	160924.61	894525.8	511893.1	916323.6	989969.84
COG1350	45166.7	NA	NA	23780.3	6894.56	7445.34	11119.3
COG1360	72956.3	81704.8	495262	41436.6	299084	NA	NA
COG1362	117769	91940.8	54991.4	96379.9	112508	21168.3	148144
COG1395	75658.1	NA	NA	143315	196325	NA	46531.8
COG1404	10647.4	102901	68029.7	9895.46	33120.6	NA	16148.7
COG1418	80624.9	380415	129360.2	NA	100753	NA	13694.6
COG1454	514788.5	815695.9	647595.2	675066	999315.4	143843.12	677832.9
COG1461	4553.89	11192.1	5821	6327.24	7681.55	NA	2086.61
COG1472	NA	NA	NA	3162.61	NA	1609.67	1445.17
COG1486	5820.62	7948.9	10120.3	33466.4	9678.32	30335.9	17051.1
COG1493	NA	7971.56	10694.28	51239.7	32439.9	18601.9	13280.8
COG1506	23102.2	23247.3	31638.2	17310.7	13157.1	18298.7	36473.6
COG1511	NA	15930.8	NA	NA	NA	NA	NA
COG1522	6199.77	8796.97	NA	NA	NA	6668.39	12812.7
COG1530	NA	48738.7	37108.2	NA	29984.2	NA	NA
COG1538	NA	10998.7	NA	NA	NA	5090.25	6423.13
COG1592	2585620.65	2289731.63	2595100.6	2190988.8	2324125.7	1000730.6	2446083.7
COG1621	NA	NA	6858.12	13449	4467.93	NA	NA
COG1629	58404.08	645203.1	8550.73	9341.1	72553.55	1795.68	84630.32
COG1640	NA	7594.35	11595	3961.89	14153.6	NA	5664.6
COG1652	NA	NA	NA	7204.57	8150.69	NA	5308.27
COG1653	166373.7	445159.73	117142.36	566268.36	244439.27	21028.03	284529.56
COG1702	91033.4	78598.4	NA	63487.8	44108.8	14989.7	36382.4
COG1726	174111.03	191021.5	22724.71	225572.59	21939.42	148799.33	215990.64
COG1744	NA	NA	NA	NA	25343.4	NA	NA
COG1748	87668.2	87113.9	136562	35596.8	87202.5	5267.46	26907.9
COG1749	22260.9	24244	8235.64	99469.9	13375.5	NA	37546
COG1773	442417.9	224507.6	69273.5	465141	90672.4	151543.3	178973.4
COG1775	NA	8631.25	NA	NA	NA	NA	NA
COG1840	NA	10276.1	NA	NA	NA	6174.55	7461.37
COG1842	3956.33	NA	NA	12379.3	NA	NA	NA
COG1853	73548.9	107154.7	41881.9	180125.06	83191.02	26361.3	62453.4
COG1866	518047.02	1371899.3	2089052.1	1256231.4	1288702.6	896771.4	1466591.8
COG1879	342612	352838	396512	735717	371754	4331.18	382239
COG1882	1036491.01	605375.26	393356.91	855696.79	587268.84	693814.76	745353.22
COG1883	71170.5	32708.1	6138.75	31139.8	10446.5	27934.2	62224.8
COG1884	66529.7	259708.2	474253.1	85079.9	258599	56910	160775.4
COG1894	12279.2	61457.6	20010.92	130543	56865.4	15175.26	14821.65
COG1898	17311.9	15720.6	20718.4	13609.1	24351.2	NA	25539
COG1904	84780.4	89105.1	80845.3	45093.4	116978	31135.1	90040.6
COG1924	NA	NA	NA	NA	9991.19	NA	NA
COG1932	67812.6	78379.6	77044.2	113370.63	68284.4	64216.7	69920.16
COG1951	NA	NA	10210.5	NA	10462.8	NA	6749.92
COG1960	135208.3	104015.2	84315.65	122328.12	202625.42	62877.3	134168.8
COG1978	NA	NA	NA	29334.2	17990.6	NA	10714.4
COG2013	NA	NA	NA	15881.3	16061.6	NA	10592.5
COG2017	NA	NA	15968.5	NA	7759.46	NA	NA
COG2025	2691.05	69175.8	49496.6	21722.83	53824.7	2138.21	19013.45
COG2067	NA	31743.1	8425.17	6633.92	10574	34313.7	56391.9
COG2077	NA	7262.55	NA	NA	NA	NA	NA
COG2086	320135.1	605673.18	462349.4	285955.78	449410.24	15459.98	193158.3
COG2115	NA	11967.5	7470.31	NA	NA	NA	12978.8
COG2120	18034.8	42713.8	84586.9	5461.3	28463.2	8649.93	11661.1
COG2145	NA	NA	15614.4	NA	NA	NA	9844.18
COG2152	NA	11889.2	NA	NA	NA	NA	20390.6
COG2160	10565.6	163180.4	38668.72	118497.92	97274.1	52635.6	156300.9
COG2182	12613.1	20452.5	NA	19943.28	NA	NA	13343.66
COG2195	NA	22489.1	81545.1	NA	32337.6	11624.8	23939.2
COG2217	NA	NA	NA	14670.4	NA	NA	NA
COG2235	7133.28	6560.76	6768.8	9173.49	13358.6	NA	6049.56
COG2252	1819.59	3239.23	NA	3585.48	3838.14	NA	2143.73
COG2259	28538.3	183278	214701	65258.4	171092	1424.97	33503.1
COG2310	NA	14693.8	10438.9	32573.2	NA	10602.6	10792.6
COG2344	NA	21506.6	NA	27788.9	18675.5	8584.15	NA
COG2358	NA	4490.23	15220.9	NA	NA	NA	NA
COG2368	11235.2	14190.2	18730.7	6061.43	23100.3	5440.23	12365.8
COG2373	41201.6	99169.3	51776.9	425717.7	59407.8	91322.8	96997.2
COG2374	23260.6	8594.66	NA	76764.5	30554.6	NA	56059.9
COG2407	385942	407869.5	111802.4	697570.3	488554.7	390639.8	360596.1
COG2759	240274.7	337638.4	117385.7	755992	376732.7	393124.8	236053.9
COG2805	11498.5	13227.1	NA	NA	NA	NA	5616.02
COG2871	145378.2	308427	168420.1	111783.9	182698.7	129811.7	150360.1
COG2873	84240.1	52781.1	158528.3	103535	90782.7	78903.56	100276.7
COG2876	NA	4370.39	NA	4791.41	3133.23	NA	3004.2
COG2878	NA	NA	NA	13855.8	5716.15	NA	NA
COG2885	24129.5	11885	NA	4459.84	22612.3	4229.09	13086
COG2931	NA	NA	NA	NA	11317.2	NA	NA
COG2996	NA	9648.46	20583.4	12329.2	12520.2	4481.08	10990.7
COG3015	19664	56863.9	93979.2	NA	27962.9	NA	NA
COG3023	20138.2	102302	1416600	28992.9	92049.1	NA	31002.6
COG3119	NA	45207.3	NA	NA	NA	NA	NA
COG3172	34916.7	107858	199726	35490.4	93562.8	NA	21077
COG3188	7608.38	27485.6	NA	3236.66	NA	NA	36475.5
COG3203	61864.56	433275.6	NA	32322.7	NA	NA	61083.8
COG3209	34340.4	62843.5	NA	NA	NA	NA	5749.02
COG3210	29200.9	27093.6	NA	53984.9	34370	NA	5671.6
COG3250	NA	4689.99	NA	29968.95	3933.15	NA	4035.14
COG3264	10533.1	NA	NA	7075.96	NA	2612.89	10976.1
COG3279	4384.88	19980.8	28014.3	5144.07	6525.35	NA	5679.47
COG3291	13711.9	NA	NA	NA	93397.7	NA	26904.8
COG3315	NA	NA	7535.31	8913.63	6070.05	NA	4147.05
COG3363	100186	115900.46	17419.9	183631.2	66428.96	81629.05	70798.8
COG3383	NA	NA	NA	23354.1	NA	NA	NA
COG3444	22709.7	94217.4	42815.7	39132.1	145479	1535.56	74793.1
COG3468	NA	NA	NA	NA	NA	4109.45	5908.94
COG3488	15599.3	6227.69	58131.3	20495.6	39408.9	7023.49	NA
COG3507	NA	7697.47	NA	NA	NA	NA	3833.7
COG3525	31722.9	38488.5	12018.8	35156.64	NA	68368	68920.73
COG3533	NA	8209.4	9870.37	NA	6185.24	NA	NA
COG3580	NA	NA	NA	NA	9991.19	NA	NA
COG3664	NA	14388.9	NA	NA	14385.8	NA	NA
COG3716	NA	NA	169612	NA	NA	NA	22992.2
COG3804	NA	NA	1683.91	NA	6531.68	5221.69	NA
COG3830	NA	NA	NA	7836.85	NA	NA	NA
COG3842	NA	112702.36	94318.5	147014	122631	29292.43	134174
COG3875	NA	12298.3	NA	28048.4	29754.4	11106.9	NA
COG3937	NA	NA	12295.1	4997	7293.24	NA	6544.27
COG3958	NA	NA	NA	NA	6464.28	NA	NA
COG3959	1506.61	16507.8	4232.42	25238.64	18001.91	3825.31	13409.98
COG3968	663431.8	320697.1	320748.1	393114.6	202682.78	242773	531909.9
COG3976	62357.8	NA	143635	22922.8	62015.1	3651.35	18753.1
COG4108	NA	15460.8	12254.9	19411.7	22123.1	12372.1	16290.9
COG4146	21702.7	NA	NA	NA	NA	NA	26525
COG4154	99058.1	168754	51073.1	304741	113012	57007.3	69173.2
COG4166	NA	NA	NA	40826.6	NA	34372.7	45818.4
COG4206	19011.8	10299.5	NA	6104.44	4890.15	NA	8717.23
COG4209	7534.65	NA	NA	13527.1	10173	NA	16144.3
COG4260	NA	NA	NA	NA	NA	NA	13035.5
COG4577	142189	290458	95368.9	413962	248597	60678	127524.9
COG4624	NA	NA	NA	23354.1	NA	NA	NA
COG4656	13482.6	16215.61	12985.22	17980.48	14520.26	3213.24	14314.75
COG4659	7807.54	5412.34	NA	7550.15	NA	1633.42	11853.8
COG4677	23260.6	8594.66	NA	83969.07	38705.29	NA	61368.17
COG4690	13450.3	8221.73	5040.94	16274.1	9286.27	4925.99	8668.51
COG4716	71700.3	161880.5	50549.6	172936.9	123247.4	16761.82	114758.3
COG4733	NA	NA	NA	2970.04	NA	NA	2103.41
COG4771	364352.75	628481.7	412769.07	481695.6	487791.4	119229.1	342704.66
COG4775	NA	18122.4	NA	7864.55	16900.8	NA	NA
COG4799	46411.5	105154	44304.3	77142.9	46412.8	56046.6	91228
COG4822	47637.6	34626.6	21539.5	64738.5	44388.1	18829.4	35098.2
COG4859	NA	17867.5	NA	11144	NA	NA	NA
COG4926	NA	13235	NA	6317.41	NA	NA	NA
COG4934	7555.33	4817.75	6327.88	6504.33	5450.93	3745.24	5682.11
COG4948	NA	NA	NA	10953.2	NA	NA	12371.5
COG5016	150799.02	520533	372616	561613	449185	87827.1	302304
COG5263	257245.7	64262.26	NA	97360.66	30554.6	265429.4	250855.7
COG5426	NA	31323.9	18722.35	58212	15656.3	16314.63	28548.34
COG5434	NA	NA	NA	2970.04	NA	NA	2103.41
COG5464	NA	NA	NA	9224.8	NA	NA	NA
COG5492	31082.7	102901	68029.7	9895.46	33120.6	NA	16148.7
COG5496	NA	3473.89	6625.31	3778.99	6922.27	NA	2525.66
COG5520	NA	NA	NA	NA	NA	8943.13	NA
COG5545	32621.8	55443.5	88563.6	37860.5	15628.7	2131.41	40148.1
KOG0001	88901	NA	34367.6	NA	28262.8	46751.2	43482.2
KOG0027	61497	NA	36783.2	25849	56472.9	47113.2	37480
KOG0030	41659.9	38365.5	30355.3	23702.4	18955.4	9139.42	32946.6
KOG0034	8352.87	NA	NA	4391.43	5473.62	8312.25	7362.11
KOG0035	53105.8	64136.5	63893.4	27302.2	26911.3	31324.26	50866.1
KOG0037	NA	NA	NA	NA	NA	16352.4	11530.6
KOG0045	5244.08	4973.91	12997.7	5606.38	7386.35	12296.1	13210.2
KOG0052	NA	20811	16027.7	11577.3	13231.4	18346.2	15084.1
KOG0078	NA	NA	8474.67	NA	NA	8364.63	6829.54
KOG0085	20885.5	NA	10382.3	NA	9773.09	15166.7	12695.2
KOG0087	NA	7760.21	14303.2	7880.89	8883.74	12287.7	10280.4
KOG0092	30438.6	28831.3	19775.8	NA	NA	30574.9	30679.1
KOG0101	10624.6	6605.29	8650.35	8635.91	NA	4119.37	20196
KOG0161	177235.3	264439	388406.9	177728.7	211150.7	163308.8	322568.51
KOG0164	NA	NA	NA	NA	NA	NA	14266.6
KOG0382	16938.5	12359	15553.4	19493.1	18853.5	46692.26	15036.8
KOG0395	14874.6	NA	9704.81	NA	11042.5	6191.1	7652.86
KOG0407	NA	12621	NA	6247.86	NA	4487.97	8130.46
KOG0441	NA	NA	NA	NA	9079.13	10156	11024.1
KOG0443	8114.59	5078.39	4930.19	5740.89	5533.57	9281.94	8486.66
KOG0460	11967.2	NA	NA	NA	NA	NA	NA
KOG0471	NA	10634	23325.8	36943.1	11711.9	56123.4	17616.1
KOG0488	24812.9	18190	43049.7	33990.1	12846.9	72200.1	31528.9
KOG0518	NA	4431.67	NA	2821.68	5604.72	NA	3422.88
KOG0613	23350.2	17914.1	5875.5	19350.8	22791.1	1402.41	20679.9
KOG0621	NA	1461.94	5353.55	2724.91	3039.69	5050.59	3461.26
KOG0657	276897.5	730757	404529.6	217045.7	276642.7	248068.7	396663.4
KOG0676	10944.7	NA	14988.03	12566.99	6087.22	11098.31	13856.25
KOG0749	NA	6551.93	8467.13	10245.3	13018.6	24707.8	12615.4
KOG0804	88901	NA	34367.6	NA	28262.8	46751.2	43482.2
KOG0806	10661.7	3482.92	28095.8	3091.43	9160.1	70315.8	21057.8
KOG0819	483401.53	306582.01	476796.19	309649.63	541661.72	841614.45	507255.69
KOG0865	NA	NA	NA	NA	NA	6658.69	NA
KOG0877	22131.6	108605	NA	115033	13159.8	NA	12349.4
KOG0888	13427.6	NA	5050.07	5699.95	8079.15	100204.53	70296.99
KOG0918	25100.7	37889.7	34803.8	26132.2	30121.7	23935.1	38352.5
KOG0960	12268.6	NA	NA	NA	NA	NA	NA
KOG1003	NA	13265.6	27416.1	NA	NA	NA	17898.4
KOG1046	153029	57845.2	95458	256449	165490	608343	678814
KOG1065	123046.3	242475.64	275926.5	186930.9	106280.9	169380.71	235236
KOG1097	26805.5	36215.4	34431.1	24175	NA	24628.1	33375
KOG1192	NA	NA	NA	NA	NA	3807.74	6273.02
KOG1205	NA	NA	NA	NA	NA	19042.2	NA
KOG1216	1319264.82	1600293.63	1675104	1453830.9	1391221.9	1466844.27	2158475.3
KOG1217	NA	6244.43	NA	NA	NA	NA	NA
KOG1327	NA	NA	NA	NA	NA	7744.89	7176.19
KOG1353	133778	56061.7	189438.8	95141	149937.5	59987.7	108753
KOG1366	9807.66	6979.2	7678.38	12001.8	8661.77	6871.37	12186.4
KOG1375	8315.17	NA	NA	NA	NA	7011.79	11198.5
KOG1376	NA	NA	NA	NA	NA	5728.6	NA
KOG1388	NA	7170.56	10399.9	12641.3	6942.07	7405.64	9036.08
KOG1426	NA	NA	8509.2	NA	NA	4316.76	4402.26
KOG1439	NA	NA	3650.18	NA	NA	2605.16	NA
KOG1495	NA	NA	NA	NA	NA	2664.47	NA
KOG1516	92942.4	72556.4	54827.2	55851.4	8922.61	254855	127013
KOG1526	12562.36	6971.33	4648.76	4696.94	3846.94	6274.678	8603.82
KOG1557	27334.5	10554.2	10215.7	NA	8736.73	5250.53	15125.9
KOG1559	NA	3963.08	4779.69	3330.4	10013.1	NA	3516.76
KOG1643	114260	47142.1	23599.2	44449.3	30994.1	49803.5	62008.4
KOG1693	NA	8629.18	NA	5896.99	NA	4214.68	NA
KOG1703	NA	9467.66	10105.8	NA	7348.28	14720.1	8402.7
KOG1704	106204	77379.1	193294	99504.2	42277.4	89422.6	95612.8
KOG1735	NA	NA	8875.18	NA	5924.41	2297.78	5710.88
KOG1744	NA	7705.58	12034.9	NA	5135.63	2980.94	9119.07
KOG1745	814718	1348460	1058250	598080	480359	536406	1122130
KOG1756	814718	1348460	1058250	598080	480359	536406	1122130
KOG1959	NA	13193.8	18532.3	12085	14548.7	11982.1	17513.1
KOG2099	61535.1	63217.4	63617.5	51045.3	53503.8	29278.2	69673
KOG2100	23673.1	100198	125473	102711	70927.4	100881	123136
KOG2177	NA	NA	6655.52	3989.85	4862.63	6134.79	6030.94
KOG2193	NA	3614.26	NA	33845.9	25509.7	NA	6256.4
KOG2195	NA	21465.83	24956.44	23165.05	25062.7	34338.15	30472.17
KOG2212	567144	292711	1780655.75	2207950	2679873.8	2540440	3849360
KOG2220	22992.4	NA	15181.7	7425.39	NA	15508.2	13691.8
KOG2258	NA	11335.8	10268.3	8428.31	NA	10562.9	13092.1
KOG2275	15359.2	16051	16610.7	32669	9895.78	37248.9	28470
KOG2322	16305.9	NA	8752.87	NA	NA	13982.6	9369.57
KOG2323	23105.8	20091.4	19099.6	8720.24	8420.31	7616.78	22701.2
KOG2332	74035.9	258246.8	262207.4	71171.4	140738.37	41927.7	156266.9
KOG2392	510637.3	513648	957321.5	686199.4	386635.6	631507.11	850203.54
KOG2408	357415.2	90191.3	397688.4	274633	609571.4	163141.7	321766.8
KOG2413	449891	573763	412728	447675	683020	1870290	853708
KOG2456	6117.64	3377.06	NA	8041.47	4788.8	3999.93	5291.87
KOG2529	NA	NA	NA	NA	NA	2139.38	2631.69
KOG2597	NA	NA	NA	19428.3	8782.14	NA	NA
KOG2645	241993.9	231682.1	250375.9	384110.3	252954.2	306437.2	401293.6
KOG2650	4309431	3049500.2	1048478.1	5626762.9	13243388	14822310.2	11455618.1
KOG2657	NA	6099.96	9619.84	7471.87	3546.04	5560.81	5101.44
KOG2870	NA	1858.08	NA	NA	2788.98	2099.42	2002.9
KOG3006	7891.63	NA	36126	35414.4	28365.9	22494.5	34722
KOG3126	30481.3	24412	16033.07	15356.21	19668.11	11571.78	23739.4
KOG3283	39197.2	12526.1	13078	NA	NA	NA	27186.5
KOG3340	NA	2304.01	NA	NA	NA	NA	NA
KOG3378	62282.1	596584	112626.21	54218.7	139244.7	104523	137955.9
KOG3467	814718	1348460	1058250	598080	480359	536406	1122130
KOG3528	NA	NA	NA	NA	NA	6798.03	3550.84
KOG3529	67407.7	28186.4	68099.2	20170	33561.4	46281.4	44553.3
KOG3544	36970.3	44930.9	24750.8	21730.8	46567.2	NA	36026.9
KOG3545	NA	12587	12246.7	14319.7	23678.6	10104	12886.3
KOG3557	33332.7	NA	15195.1	NA	NA	45287.6	35161.5
KOG3581	172434	96718.3	117775	107584	82826.9	50507.6	115814
KOG3587	52747.5	39153.7	45573.2	51508.4	45443.8	52078.8	75548.9
KOG3594	362278.79	486877.5	595119.4	624619.8	830067.8	191171.8	495466.7
KOG3624	90523.5	73862	136638	137145	121027	298587	155307
KOG3627	11869937.19	11156321.62	14188621.9	12076695.77	12791062.81	14445579.09	21875198.92
KOG3690	41717.6	145088.8	80278	70540.5	195683	136906.16	202535.5
KOG3714	257679	183885.2	768653.8	339309.2	1102506.8	143176.9	414252.5
KOG3770	36847.7	12776.2	17689.1	NA	8132.75	29041.6	19354.1
KOG3774	17394.4	10472.8	23391.8	15048.6	11959.9	12024.5	16163.4
KOG3776	NA	NA	7490.68	10458.2	11464.8	3486.07	8899.01
KOG3927	25218.3	8309.33	6428.57	13722.2	NA	19354.9	17023.9
KOG3977	64248.4	39370.1	63265.9	47444.4	41678.2	24864.9	43124.9
KOG3998	NA	28919.5	13189.3	7591.06	5189.21	8359.06	7226.9
KOG4087	439454.5	606804.5	601545.48	922724.7	483262.9	736151.85	753888.46
KOG4126	580982.7	553596	931284	698835	686287	2888946.15	1482882.5
KOG4127	337360	166415	218096	181447	121096	403711	302458
KOG4229	NA	NA	NA	NA	NA	7272.34	NA
KOG4296	NA	NA	3452.45	NA	4421.12	22866.7	8893.77
KOG4297	383354	30531.12	84199.67	72879.4	93180.96	159577.2	237328
KOG4419	6994.23	5579.47	8622.65	9447.67	10921.1	6960.08	7457
KOG4475	23350.2	17914.1	5875.5	19350.8	22791.1	1402.41	20679.9
arCOG07796	NA	1505.73	6066.72	NA	NA	NA	NA
arCOG12631	NA	NA	16952.7	45468.6	8631.56	NA	8435.55
